[gd_scene load_steps=29 format=3 uid="uid://brjmlw33t6bld"]

[ext_resource type="Script" uid="uid://b121axrbqlcpk" path="res://addons/GdSpawn/scripts/custom_nodes/gd_spawn.gd" id="1_lquwl"]
[ext_resource type="Script" uid="uid://b73vfhkn6shtb" path="res://addons/GdSpawn/scripts/custom_nodes/layer.gd" id="2_0xm2m"]
[ext_resource type="Script" uid="uid://bl1jskfkvpl8h" path="res://addons/GdSpawn/scripts/spawn_profile_resources/random_spawn_profile_element.gd" id="2_272bh"]
[ext_resource type="PackedScene" uid="uid://d4mj0o6m30s0t" path="res://scenes/suburban_modular/ExteriorWindowLarge.tscn" id="2_lquwl"]
[ext_resource type="Script" uid="uid://b0krcp4bagbox" path="res://addons/GdSpawn/scripts/spawn_profile_resources/curve_spawn_profile_element.gd" id="2_ycdy4"]
[ext_resource type="Script" uid="uid://dyrdpr1ikadrg" path="res://addons/GdSpawn/scripts/spawn_profile_resources/random_spawn_profile.gd" id="3_5vw27"]
[ext_resource type="PackedScene" uid="uid://by441f3qt8cjg" path="res://scenes/suburban_modular/InnerWall.tscn" id="3_efxa6"]
[ext_resource type="PackedScene" uid="uid://djgicjdvb4xif" path="res://scenes/suburban_modular/InnerFloor.tscn" id="4_getpj"]
[ext_resource type="PackedScene" uid="uid://dbqcxixm17iik" path="res://scenes/test/BoxTest.tscn" id="4_kek77"]
[ext_resource type="PackedScene" uid="uid://cl4rxgrwni3hw" path="res://scenes/test/CilinderTest.tscn" id="5_4c57u"]
[ext_resource type="Script" uid="uid://cauvdnl4ajs70" path="res://addons/GdSpawn/scripts/spawn_profile_resources/curve_spawn_profile.gd" id="5_w48qg"]
[ext_resource type="Script" uid="uid://b011ame8q4oxk" path="res://addons/GdSpawn/scripts/spawn_profile_resources/curve_spawn_settings.gd" id="6_dg77c"]
[ext_resource type="PackedScene" uid="uid://dna1hd47b3y8u" path="res://scenes/test/ExampleTerrain.tscn" id="12_dg77c"]
[ext_resource type="PackedScene" uid="uid://dibn4aoc31br3" path="res://scenes/suburban_modular/ExteriorWindow.tscn" id="14_2cqfq"]

[sub_resource type="Resource" id="Resource_2cqfq"]
script = ExtResource("2_ycdy4")
scene = ExtResource("3_efxa6")
used = true
spawn_chance = 1
up_axis = 1
invert_up_axis = false
forward_axis = 0
invert_forward_axis = false
metadata/_custom_type_script = "uid://b0krcp4bagbox"

[sub_resource type="Resource" id="Resource_074og"]
script = ExtResource("5_w48qg")
elements = Array[ExtResource("2_ycdy4")]([SubResource("Resource_2cqfq")])
metadata/_custom_type_script = "uid://cauvdnl4ajs70"

[sub_resource type="Resource" id="Resource_vivmo"]
script = ExtResource("6_dg77c")
avoid_overlaps = true
padding_mode = 0
padding = 0.0
metadata/_custom_type_script = "uid://b011ame8q4oxk"

[sub_resource type="Resource" id="Resource_efxa6"]
script = ExtResource("2_272bh")
scene = ExtResource("4_kek77")
used = true
spawn_chance = 1
metadata/_custom_type_script = "uid://bl1jskfkvpl8h"

[sub_resource type="Resource" id="Resource_dg77c"]
script = ExtResource("2_272bh")
scene = ExtResource("5_4c57u")
used = true
spawn_chance = 1
metadata/_custom_type_script = "uid://bl1jskfkvpl8h"

[sub_resource type="Resource" id="Resource_4c57u"]
script = ExtResource("3_5vw27")
elements = Array[ExtResource("2_272bh")]([SubResource("Resource_efxa6"), SubResource("Resource_dg77c")])
metadata/_custom_type_script = "uid://dyrdpr1ikadrg"

[sub_resource type="Gradient" id="Gradient_0xm2m"]
offsets = PackedFloat32Array(0.2, 1)
colors = PackedColorArray(1, 1, 1, 1, 0, 0, 0, 1)

[sub_resource type="FastNoiseLite" id="FastNoiseLite_h2yge"]
noise_type = 2
frequency = 0.03
cellular_jitter = 3.0
cellular_return_type = 0
domain_warp_enabled = true
domain_warp_type = 1
domain_warp_amplitude = 50.0
domain_warp_fractal_type = 2
domain_warp_fractal_lacunarity = 1.5
domain_warp_fractal_gain = 1.0

[sub_resource type="NoiseTexture2D" id="NoiseTexture2D_1bvp3"]
seamless = true
color_ramp = SubResource("Gradient_0xm2m")
noise = SubResource("FastNoiseLite_h2yge")

[sub_resource type="Terrain3DMaterial" id="Terrain3DMaterial_lquwl"]
_shader_parameters = {
&"bias_distance": 512.0,
&"blend_sharpness": 0.5,
&"depth_blur": 0.0,
&"enable_macro_variation": true,
&"enable_projection": true,
&"flat_terrain_normals": false,
&"macro_variation1": Color(1, 1, 1, 1),
&"macro_variation2": Color(1, 1, 1, 1),
&"macro_variation_slope": 0.333,
&"mipmap_bias": 1.0,
&"noise1_angle": 0.0,
&"noise1_offset": Vector2(0.5, 0.5),
&"noise1_scale": 0.04,
&"noise2_scale": 0.076,
&"noise_texture": SubResource("NoiseTexture2D_1bvp3"),
&"projection_threshold": 0.8
}
show_checkered = true
show_grey = true

[sub_resource type="StandardMaterial3D" id="StandardMaterial3D_7mycd"]
transparency = 4
cull_mode = 2
vertex_color_use_as_albedo = true
backlight_enabled = true
backlight = Color(0.5, 0.5, 0.5, 1)
distance_fade_mode = 1
distance_fade_min_distance = 128.0
distance_fade_max_distance = 96.0

[sub_resource type="Terrain3DMeshAsset" id="Terrain3DMeshAsset_272bh"]
generated_type = 1
height_offset = 0.5
material_override = SubResource("StandardMaterial3D_7mycd")
last_lod = 0
last_shadow_lod = 0
lod0_range = 128.0

[sub_resource type="Terrain3DAssets" id="Terrain3DAssets_5vw27"]
mesh_list = Array[Terrain3DMeshAsset]([SubResource("Terrain3DMeshAsset_272bh")])

[sub_resource type="Curve3D" id="Curve3D_cegan"]

[node name="Main" type="Node3D"]

[node name="GdSpawn" type="Node3D" parent="."]
script = ExtResource("1_lquwl")
curve_spawn_profile = SubResource("Resource_074og")
curve_spawn_settings = SubResource("Resource_vivmo")
random_spawn_profile = SubResource("Resource_4c57u")
metadata/_custom_type_script = "uid://b121axrbqlcpk"

[node name="Terrain3D" type="Terrain3D" parent="."]
data_directory = "res://resources/terrains"
material = SubResource("Terrain3DMaterial_lquwl")
assets = SubResource("Terrain3DAssets_5vw27")
collision_mode = 2
show_checkered = true
show_grey = true
top_level = true
metadata/_edit_lock_ = true

[node name="ExampleTerrain" parent="." instance=ExtResource("12_dg77c")]
transform = Transform3D(1, 0, 0, 0, 1, 0, 0, 0, 1, -36, 0, 1)

[node name="ExampleTerrain2" parent="." instance=ExtResource("12_dg77c")]
transform = Transform3D(1, 0, 0, 0, 1, 0, 0, 0, 1, -36, 0, 21)

[node name="ExampleTerrain3" parent="." instance=ExtResource("12_dg77c")]
transform = Transform3D(1, 0, 0, 0, 1, 0, 0, 0, 1, -16, 0, 21)

[node name="ExampleTerrain4" parent="." instance=ExtResource("12_dg77c")]
transform = Transform3D(1, 0, 0, 0, 1, 0, 0, 0, 1, -16, 0, 1)

[node name="House" type="Node3D" parent="."]

[node name="Floor1" type="Node3D" parent="House"]
transform = Transform3D(0.999999, 0, 0, 0, 1, 0, 0, 0, 0.999999, 0, 0, 0)

[node name="Ceiling1" type="Node3D" parent="House"]

[node name="OtherBuilding" type="Node3D" parent="."]

[node name="base" type="Node3D" parent="."]
script = ExtResource("2_0xm2m")

[node name="ExteriorWindow3" parent="base" instance=ExtResource("2_lquwl")]
transform = Transform3D(1, 0, 0, 0, 1, 0, 0, 0, 1, -45, 0, 27)

[node name="ExteriorWindow4" parent="base" instance=ExtResource("2_lquwl")]
transform = Transform3D(1, 0, 0, 0, 1, 0, 0, 0, 1, -41, 0, 27)

[node name="ExteriorWindow5" parent="base" instance=ExtResource("2_lquwl")]
transform = Transform3D(1, 0, 0, 0, 1, 0, 0, 0, 1, -49, 0, 27)

[node name="floor1" type="Node3D" parent="base"]
script = ExtResource("2_0xm2m")

[node name="InnerFloor3" parent="base/floor1" instance=ExtResource("4_getpj")]
transform = Transform3D(1, 0, 0, 0, 1, 0, 0, 0, 1, -50, 4, 28)

[node name="InnerFloor4" parent="base/floor1" instance=ExtResource("4_getpj")]
transform = Transform3D(1, 0, 0, 0, 1, 0, 0, 0, 1, -48, 4, 28)

[node name="InnerFloor5" parent="base/floor1" instance=ExtResource("4_getpj")]
transform = Transform3D(1, 0, 0, 0, 1, 0, 0, 0, 1, -46, 4, 28)

[node name="InnerFloor6" parent="base/floor1" instance=ExtResource("4_getpj")]
transform = Transform3D(1, 0, 0, 0, 1, 0, 0, 0, 1, -44, 4, 28)

[node name="InnerFloor7" parent="base/floor1" instance=ExtResource("4_getpj")]
transform = Transform3D(1, 0, 0, 0, 1, 0, 0, 0, 1, -42, 4, 28)

[node name="InnerFloor8" parent="base/floor1" instance=ExtResource("4_getpj")]
transform = Transform3D(1, 0, 0, 0, 1, 0, 0, 0, 1, -40, 4, 28)

[node name="InnerFloor9" parent="base/floor1" instance=ExtResource("4_getpj")]
transform = Transform3D(1, 0, 0, 0, 1, 0, 0, 0, 1, -51.9997, 4, 28.0002)

[node name="InnerFloor10" parent="base/floor1" instance=ExtResource("4_getpj")]
transform = Transform3D(1, 0, 0, 0, 1, 0, 0, 0, 1, -51.9997, 4, 30.0002)

[node name="ExteriorWindow2" parent="." instance=ExtResource("14_2cqfq")]
transform = Transform3D(0.881958, 0, -0.471328, 0, 1, 0, 0.471328, 0, 0.881958, -59.5229, 0, 11.2627)

[node name="ExteriorWindow3" parent="." instance=ExtResource("14_2cqfq")]
transform = Transform3D(0.139544, 0, -0.990216, 0, 1, 0, 0.990216, 0, 0.139544, -58.3488, 0, 12.9561)

[node name="ExteriorWindow4" parent="." instance=ExtResource("14_2cqfq")]
transform = Transform3D(6.55671e-07, 0, -1, 0, 1, 0, 1, 0, 6.55671e-07, -58.7962, 0, 15.1905)

[node name="ExteriorWindow5" parent="." instance=ExtResource("14_2cqfq")]
transform = Transform3D(-0.605186, 0, -0.796084, 0, 1, 0, 0.796084, 0, -0.605186, -59.8537, 4.76837e-07, 17.6564)

[node name="ExteriorWindow6" parent="." instance=ExtResource("14_2cqfq")]
transform = Transform3D(-0.539631, 0, -0.841901, 0, 1, 0, 0.841901, 0, -0.539631, -62.4937, 4.76837e-07, 17.6095)

[node name="Path3D" type="Path3D" parent="."]
curve = SubResource("Curve3D_cegan")

[node name="BoxTest" parent="." instance=ExtResource("5_4c57u")]
transform = Transform3D(0.239282, 0.288882, -0.92698, -0.962528, -0.0549025, -0.265568, -0.127611, 0.955789, 0.264919, -41.1705, 0.554631, 22.514)

[node name="BoxTest2" parent="." instance=ExtResource("5_4c57u")]
transform = Transform3D(0.675174, 0.428289, -0.600591, -0.63098, -0.086428, -0.77097, -0.382106, 0.899499, 0.211888, -42.3845, 0.775154, 19.3852)

[node name="BoxTest3" parent="." instance=ExtResource("5_4c57u")]
transform = Transform3D(-0.49753, 0.818829, -0.286326, 0.573809, 0.0631223, -0.816553, -0.650544, -0.570556, -0.501257, -39.5395, 0.578148, 18.842)

[node name="BoxTest4" parent="." instance=ExtResource("5_4c57u")]
transform = Transform3D(-0.974909, -0.0111984, 0.222324, -0.222208, -0.0107191, -0.97494, 0.0133009, -0.99988, 0.00796173, -52.4374, -0.525095, 15.6169)

[node name="BoxTest5" parent="." instance=ExtResource("5_4c57u")]
transform = Transform3D(0.424648, -0.684237, -0.592869, -0.651688, 0.223561, -0.724792, 0.628472, 0.694147, -0.350974, -33.0769, 0.881525, 21.5763)

[node name="BoxTest6" parent="." instance=ExtResource("4_kek77")]
transform = Transform3D(-0.853023, -0.499696, -0.150522, -0.00070001, 0.28952, -0.957172, 0.521874, -0.816383, -0.247317, -41.1441, 0.858018, 17.7697)

[node name="BoxTest7" parent="." instance=ExtResource("4_kek77")]
transform = Transform3D(0.42793, 0.650052, -0.62794, 0.297725, 0.554605, 0.777028, 0.853368, -0.519467, 0.0437953, -35.5447, 0.949927, 13.1193)

[node name="BoxTest8" parent="." instance=ExtResource("5_4c57u")]
transform = Transform3D(0.307947, 0.900548, -0.306891, 0.934527, -0.22583, 0.275063, 0.178403, -0.371503, -0.91113, -35.186, 1.17553, 14.0316)

[node name="BoxTest9" parent="." instance=ExtResource("5_4c57u")]
transform = Transform3D(0.582584, -0.198635, 0.788125, 0.810388, 0.216159, -0.544561, -0.0621914, 0.955939, 0.286902, -37.2769, 0.695036, 12.6668)

[node name="BoxTest10" parent="." instance=ExtResource("5_4c57u")]
transform = Transform3D(-0.975377, -0.100756, 0.196185, -0.0821588, 0.991514, 0.100748, -0.204671, 0.0821489, -0.975378, -35.9177, 1.21996, 9.98362)

[node name="BoxTest11" parent="." instance=ExtResource("4_kek77")]
transform = Transform3D(0.969925, -0.194059, 0.146922, -0.141009, 0.0440206, 0.989029, -0.198398, -0.980002, 0.0153327, -36.3191, 0.626447, 11.0435)

[node name="BoxTest12" parent="." instance=ExtResource("4_kek77")]
transform = Transform3D(-0.418728, 0.885667, 0.200651, -0.902135, -0.430999, 0.0198009, 0.104018, -0.172723, 0.979463, -35.9724, 1.05064, 12.0075)

[node name="BoxTest13" type="Node3D" parent="." instance=ExtResource("5_4c57u")]
transform = Transform3D(0.319941, 0.666847, -0.673018, -0.888368, -0.0357499, -0.457737, -0.329301, 0.744337, 0.580968, -30.4874, 0.536205, 19.9004)

[node name="BoxTest14" type="Node3D" parent="." instance=ExtResource("5_4c57u")]
transform = Transform3D(0.547572, 0.601521, -0.581667, 0.699487, 0.0524433, 0.712719, 0.45922, -0.797134, -0.39204, -35.6452, 0.547331, 11.1844)

[node name="BoxTest15" type="Node3D" parent="." instance=ExtResource("4_kek77")]
transform = Transform3D(0.715276, 0.541822, -0.441372, 0.45526, 0.117901, 0.882518, 0.530205, -0.832183, -0.162338, -24.7164, 0.793499, 16.5115)

[node name="BoxTest16" type="Node3D" parent="." instance=ExtResource("4_kek77")]
transform = Transform3D(-0.936269, 0.1242, 0.328595, -0.0651034, -0.980556, 0.185123, 0.345198, 0.151932, 0.926151, -28.9551, 0.673152, 12.6697)

[node name="BoxTest17" type="Node3D" parent="." instance=ExtResource("4_kek77")]
transform = Transform3D(0.770732, 0.0339582, -0.636254, 0.0542613, -0.998449, 0.0124405, -0.634845, -0.0441123, -0.77138, -29.2198, 0.53447, 11.0734)

[node name="BoxTest18" type="Node3D" parent="." instance=ExtResource("5_4c57u")]
transform = Transform3D(0.533477, 0.575854, 0.619512, -0.697287, -0.115148, 0.707483, 0.478742, -0.809403, 0.340107, -20.0065, 0.608097, 12.3744)

[node name="BoxTest19" type="Node3D" parent="." instance=ExtResource("5_4c57u")]
transform = Transform3D(-0.592479, 0.800464, 0.0906979, -0.275624, -0.0956313, -0.956497, -0.756968, -0.591703, 0.277287, -22.3932, 0.62277, 12.6434)

[node name="BoxTest20" type="Node3D" parent="." instance=ExtResource("4_kek77")]
transform = Transform3D(0.131095, -0.9755, -0.176673, 0.0257201, -0.174804, 0.984267, -0.991036, -0.133576, 0.00217409, -45.0406, 0.629578, -1.39739)

[node name="BoxTest21" type="Node3D" parent="." instance=ExtResource("5_4c57u")]
transform = Transform3D(-0.113783, 0.0154849, 0.993385, -0.248998, -0.968411, -0.0134248, 0.961797, -0.248879, 0.114044, -39.6512, 1.14353, -1.63187)

[node name="BoxTest22" type="Node3D" parent="." instance=ExtResource("4_kek77")]
transform = Transform3D(-0.0523937, -0.178976, 0.982457, -0.993361, 0.110234, -0.0328936, -0.102413, -0.977659, -0.183563, -31.8121, 0.641779, -1.02293)

[node name="BoxTest23" type="Node3D" parent="." instance=ExtResource("5_4c57u")]
transform = Transform3D(-0.116771, 0.334279, 0.935212, 0.967628, -0.173846, 0.182957, 0.223741, 0.926302, -0.303158, -28.8777, 0.940335, -3.52095)

[node name="BoxTest24" type="Node3D" parent="." instance=ExtResource("5_4c57u")]
transform = Transform3D(-0.368699, 0.743243, 0.558257, 0.863994, 0.0524728, 0.500761, 0.342894, 0.666961, -0.661504, -25.0295, 0.703275, -2.111)

[node name="BoxTest25" type="Node3D" parent="." instance=ExtResource("5_4c57u")]
transform = Transform3D(-0.761328, -0.263822, -0.592265, 0.613588, 0.00198724, -0.789624, 0.209497, -0.964569, 0.160365, -19.8584, 1.47451, -4.73068)

[node name="BoxTest26" type="Node3D" parent="." instance=ExtResource("5_4c57u")]
transform = Transform3D(-0.477287, -0.0405952, 0.877809, 0.80833, -0.412095, 0.420452, 0.344673, 0.910236, 0.229502, -18.5279, 1.37555, -3.7368)

[node name="BoxTest27" type="Node3D" parent="." instance=ExtResource("4_kek77")]
transform = Transform3D(-0.984883, 0.173053, 0.00760566, 0.0486002, 0.233917, 0.971041, 0.166262, 0.956732, -0.238792, -11.1682, 0.893641, -5.92536)

[node name="BoxTest28" type="Node3D" parent="." instance=ExtResource("5_4c57u")]
transform = Transform3D(0.867929, 0.444903, -0.220818, 0.162806, 0.165188, 0.972732, 0.469248, -0.880213, 0.0709389, -9.65237, 0.688266, -1.8965)

[node name="BoxTest29" type="Node3D" parent="." instance=ExtResource("5_4c57u")]
transform = Transform3D(0.358887, 0.80403, 0.474062, -0.608764, -0.183371, 0.771869, 0.707535, -0.565606, 0.423655, -12.5336, 0.803779, -0.693467)

[node name="BoxTest30" type="Node3D" parent="." instance=ExtResource("5_4c57u")]
transform = Transform3D(0.643711, 0.0761366, -0.761472, 0.764731, -0.0267103, 0.643796, 0.0286773, -0.99674, -0.0754177, -8.61045, 0.76547, -0.993815)

[node name="BoxTest31" type="Node3D" parent="." instance=ExtResource("4_kek77")]
transform = Transform3D(-0.238589, -0.137391, -0.961353, -0.970991, 0.0175705, 0.23847, -0.0158722, 0.990361, -0.137598, -12.2152, 0.659197, 0.520439)

[node name="BoxTest32" type="Node3D" parent="." instance=ExtResource("4_kek77")]
transform = Transform3D(0.973958, 0.0830574, -0.210969, -0.084861, 0.996393, 0.000506114, 0.21025, 0.0174101, 0.977493, -11.814, 0.548542, 2.19954)

[node name="BoxTest33" type="Node3D" parent="." instance=ExtResource("5_4c57u")]
transform = Transform3D(0.0241658, 0.696522, 0.717128, 0.938404, -0.263139, 0.223956, 0.344695, 0.667544, -0.659978, -12.9017, 0.773449, 2.79221)

[node name="BoxTest34" type="Node3D" parent="." instance=ExtResource("4_kek77")]
transform = Transform3D(-0.0128628, 0.263153, 0.964669, -0.995871, 0.0833308, -0.0360107, -0.0898629, -0.961149, 0.260994, -13.3927, 0.571525, 5.5729)

[node name="BoxTest35" type="Node3D" parent="." instance=ExtResource("4_kek77")]
transform = Transform3D(-0.221868, -0.315708, -0.922553, -0.960771, -0.0906954, 0.262096, -0.166417, 0.944512, -0.2832, -14.0159, 0.851552, 4.19505)

[node name="BoxTest36" type="Node3D" parent="." instance=ExtResource("4_kek77")]
transform = Transform3D(-0.862496, -0.186808, 0.470324, 0.158404, -0.982329, -0.0996858, 0.480635, -0.0114776, 0.876846, -22.3029, 0.7413, 20.5171)

[node name="BoxTest37" type="Node3D" parent="." instance=ExtResource("5_4c57u")]
transform = Transform3D(-0.321544, 0.91113, -0.257783, 0.673336, 0.0286035, -0.738783, -0.665754, -0.411125, -0.622694, -19.716, 0.524657, 19.4181)

[node name="BoxTest38" type="Node3D" parent="." instance=ExtResource("4_kek77")]
transform = Transform3D(-0.972877, -0.169792, 0.157104, -0.17788, 0.983286, -0.0388346, -0.147885, -0.0657269, -0.986818, -20.4185, 0.599031, 20.9147)

[node name="BoxTest39" type="Node3D" parent="." instance=ExtResource("4_kek77")]
transform = Transform3D(-0.76417, 0.447802, 0.464238, 0.501344, 0.865198, -0.00931672, -0.40583, 0.225623, -0.885661, -12.7228, 0.687595, 25.5874)

[node name="BoxTest40" type="Node3D" parent="." instance=ExtResource("5_4c57u")]
transform = Transform3D(-0.0461342, 0.992694, -0.111495, -0.812274, -0.102246, -0.574244, -0.581448, 0.0640722, 0.811056, -12.4707, 0.589749, 24.3985)

[node name="BoxTest41" type="Node3D" parent="." instance=ExtResource("4_kek77")]
transform = Transform3D(-0.788051, 0.0309835, -0.614829, 0.0304249, 0.999472, 0.0113703, 0.614857, -0.00974578, -0.788578, -11.3904, 0.521367, 21.9253)

[node name="BoxTest42" type="Node3D" parent="." instance=ExtResource("4_kek77")]
transform = Transform3D(-0.0230378, -0.447319, 0.894078, -0.999735, 0.0105746, -0.0204697, -0.000298053, -0.894312, -0.447444, -10.8206, 0.516113, 20.4278)

[node name="BoxTest43" type="Node3D" parent="." instance=ExtResource("4_kek77")]
transform = Transform3D(0.915666, 0.0501009, 0.398806, -0.13832, 0.970877, 0.195616, -0.377391, -0.234282, 0.895929, -10.2595, 0.783007, 13.8106)

[node name="BoxTest44" type="Node3D" parent="." instance=ExtResource("5_4c57u")]
transform = Transform3D(-0.77765, -0.166682, 0.606199, 0.627045, -0.135771, 0.76706, -0.0455512, 0.976618, 0.210099, -8.98531, 0.914428, 16.6931)

[node name="BoxTest45" type="Node3D" parent="." instance=ExtResource("4_kek77")]
transform = Transform3D(0.387836, -0.921647, -0.012255, -0.251813, -0.093156, -0.963282, 0.886664, 0.376681, -0.268212, -11.8418, 0.810259, 18.1136)

[node name="BoxTest46" type="Node3D" parent="." instance=ExtResource("4_kek77")]
transform = Transform3D(0.879803, 0.475228, 0.010232, 0.00963488, -0.0393503, 0.999179, 0.475241, -0.878982, -0.0391993, -37.4834, -0.137056, 41.7602)

[node name="BoxTest47" type="Node3D" parent="." instance=ExtResource("5_4c57u")]
transform = Transform3D(-0.464021, -0.772397, -0.43369, 0.701174, -0.0210738, -0.712679, 0.541332, -0.63479, 0.551363, -31.7928, -0.339169, 37.3142)

[node name="BoxTest48" type="Node3D" parent="." instance=ExtResource("4_kek77")]
transform = Transform3D(-0.875786, 0.0101994, 0.482591, -0.009213, 0.999241, -0.037838, -0.482611, -0.0375841, -0.875028, -35.7867, -0.399938, 35.2774)

[node name="BoxTest49" type="Node3D" parent="." instance=ExtResource("4_kek77")]
transform = Transform3D(-0.350656, 0.00660564, -0.936481, 0.0367218, 0.999303, -0.00670133, 0.935784, -0.0367391, -0.350654, -32.7715, -0.53528, 32.2202)

[node name="BoxTest50" type="Node3D" parent="." instance=ExtResource("4_kek77")]
transform = Transform3D(-0.00289209, -0.264033, -0.964509, 0.999313, -0.0364112, 0.00697106, -0.0369595, -0.963826, 0.263957, -27.2922, -0.578806, 31.3687)

[node name="BoxTest51" type="Node3D" parent="." instance=ExtResource("4_kek77")]
transform = Transform3D(-0.419442, -0.22347, -0.879846, -0.114959, 0.974499, -0.192707, 0.900474, 0.0203165, -0.434436, -25.5218, 0.645391, 27.7367)

[node name="BoxTest52" type="Node3D" parent="." instance=ExtResource("5_4c57u")]
transform = Transform3D(0.695731, 0.71534, 0.0651763, 0.0679519, 0.0247846, -0.997381, -0.715081, 0.698337, -0.0313653, -30.6932, -0.510136, 33.1289)

[node name="BoxTest53" type="Node3D" parent="." instance=ExtResource("4_kek77")]
transform = Transform3D(-0.558505, 0.00339901, -0.829495, -0.109188, 0.990989, 0.0775781, 0.822284, 0.133899, -0.553101, -21.8375, 0.65876, 29.6098)
