[gd_scene load_steps=37 format=3 uid="uid://brjmlw33t6bld"]

[ext_resource type="Script" uid="uid://b121axrbqlcpk" path="res://addons/GdSpawn/scripts/custom_nodes/gd_spawn.gd" id="1_lquwl"]
[ext_resource type="Script" uid="uid://b73vfhkn6shtb" path="res://addons/GdSpawn/scripts/custom_nodes/layer.gd" id="2_0xm2m"]
[ext_resource type="Script" uid="uid://bl1jskfkvpl8h" path="res://addons/GdSpawn/scripts/spawn_profile_resources/random_spawn_profile_element.gd" id="2_272bh"]
[ext_resource type="PackedScene" uid="uid://d4mj0o6m30s0t" path="res://scenes/suburban_modular/ExteriorWindowLarge.tscn" id="2_lquwl"]
[ext_resource type="Script" uid="uid://b0krcp4bagbox" path="res://addons/GdSpawn/scripts/spawn_profile_resources/curve_spawn_profile_element.gd" id="2_ycdy4"]
[ext_resource type="Script" uid="uid://dyrdpr1ikadrg" path="res://addons/GdSpawn/scripts/spawn_profile_resources/random_spawn_profile.gd" id="3_5vw27"]
[ext_resource type="PackedScene" uid="uid://by441f3qt8cjg" path="res://scenes/suburban_modular/InnerWall.tscn" id="3_efxa6"]
[ext_resource type="PackedScene" uid="uid://djgicjdvb4xif" path="res://scenes/suburban_modular/InnerFloor.tscn" id="4_getpj"]
[ext_resource type="PackedScene" uid="uid://dbqcxixm17iik" path="res://scenes/test/BoxTest.tscn" id="4_kek77"]
[ext_resource type="PackedScene" uid="uid://cl4rxgrwni3hw" path="res://scenes/test/CilinderTest.tscn" id="5_4c57u"]
[ext_resource type="Script" uid="uid://cauvdnl4ajs70" path="res://addons/GdSpawn/scripts/spawn_profile_resources/curve_spawn_profile.gd" id="5_w48qg"]
[ext_resource type="Script" uid="uid://b011ame8q4oxk" path="res://addons/GdSpawn/scripts/spawn_profile_resources/curve_spawn_settings.gd" id="6_dg77c"]
[ext_resource type="PackedScene" uid="uid://dna1hd47b3y8u" path="res://scenes/test/ExampleTerrain.tscn" id="12_dg77c"]
[ext_resource type="PackedScene" uid="uid://dibn4aoc31br3" path="res://scenes/suburban_modular/ExteriorWindow.tscn" id="14_2cqfq"]
[ext_resource type="Script" uid="uid://bn7ki5sdygivv" path="res://addons/GdSpawn/scripts/custom_nodes/curve.gd" id="15_yaehf"]
[ext_resource type="Material" uid="uid://08fpp1jxbsgl" path="res://materials/atlas02.tres" id="16_074og"]
[ext_resource type="Material" uid="uid://buvejml4q1x2h" path="res://materials/atlas01.tres" id="16_yaehf"]
[ext_resource type="ArrayMesh" uid="uid://cksdkgqcayp13" path="res://assets/walls_modular/suburb_house_set_exterior_window_opening_large.res" id="17_074og"]
[ext_resource type="ArrayMesh" uid="uid://d2s2p5qrpclro" path="res://assets/walls_modular/suburb_house_set_interior_wall.res" id="17_cegan"]

[sub_resource type="Resource" id="Resource_2cqfq"]
script = ExtResource("2_ycdy4")
scene = ExtResource("2_lquwl")
used = true
spawn_chance = 1
up_axis = 1
invert_up_axis = false
forward_axis = 0
invert_forward_axis = false
projection_mode = 0
align_up_with_collision_normal = false
metadata/_custom_type_script = "uid://b0krcp4bagbox"

[sub_resource type="Resource" id="Resource_074og"]
script = ExtResource("5_w48qg")
elements = Array[ExtResource("2_ycdy4")]([SubResource("Resource_2cqfq")])
metadata/_custom_type_script = "uid://cauvdnl4ajs70"

[sub_resource type="Resource" id="Resource_vivmo"]
script = ExtResource("6_dg77c")
avoid_overlaps = true
padding = 0.0
metadata/_custom_type_script = "uid://b011ame8q4oxk"

[sub_resource type="Resource" id="Resource_efxa6"]
script = ExtResource("2_272bh")
scene = ExtResource("4_kek77")
used = true
spawn_chance = 1
metadata/_custom_type_script = "uid://bl1jskfkvpl8h"

[sub_resource type="Resource" id="Resource_dg77c"]
script = ExtResource("2_272bh")
scene = ExtResource("5_4c57u")
used = true
spawn_chance = 1
metadata/_custom_type_script = "uid://bl1jskfkvpl8h"

[sub_resource type="Resource" id="Resource_4c57u"]
script = ExtResource("3_5vw27")
elements = Array[ExtResource("2_272bh")]([SubResource("Resource_efxa6"), SubResource("Resource_dg77c")])
metadata/_custom_type_script = "uid://dyrdpr1ikadrg"

[sub_resource type="Gradient" id="Gradient_0xm2m"]
offsets = PackedFloat32Array(0.2, 1)
colors = PackedColorArray(1, 1, 1, 1, 0, 0, 0, 1)

[sub_resource type="FastNoiseLite" id="FastNoiseLite_h2yge"]
noise_type = 2
frequency = 0.03
cellular_jitter = 3.0
cellular_return_type = 0
domain_warp_enabled = true
domain_warp_type = 1
domain_warp_amplitude = 50.0
domain_warp_fractal_type = 2
domain_warp_fractal_lacunarity = 1.5
domain_warp_fractal_gain = 1.0

[sub_resource type="NoiseTexture2D" id="NoiseTexture2D_1bvp3"]
seamless = true
color_ramp = SubResource("Gradient_0xm2m")
noise = SubResource("FastNoiseLite_h2yge")

[sub_resource type="Terrain3DMaterial" id="Terrain3DMaterial_lquwl"]
_shader_parameters = {
&"bias_distance": 512.0,
&"blend_sharpness": 0.5,
&"depth_blur": 0.0,
&"enable_macro_variation": true,
&"enable_projection": true,
&"flat_terrain_normals": false,
&"macro_variation1": Color(1, 1, 1, 1),
&"macro_variation2": Color(1, 1, 1, 1),
&"macro_variation_slope": 0.333,
&"mipmap_bias": 1.0,
&"noise1_angle": 0.0,
&"noise1_offset": Vector2(0.5, 0.5),
&"noise1_scale": 0.04,
&"noise2_scale": 0.076,
&"noise_texture": SubResource("NoiseTexture2D_1bvp3"),
&"projection_threshold": 0.8
}
show_checkered = true
show_grey = true

[sub_resource type="StandardMaterial3D" id="StandardMaterial3D_7mycd"]
transparency = 4
cull_mode = 2
vertex_color_use_as_albedo = true
backlight_enabled = true
backlight = Color(0.5, 0.5, 0.5, 1)
distance_fade_mode = 1
distance_fade_min_distance = 128.0
distance_fade_max_distance = 96.0

[sub_resource type="Terrain3DMeshAsset" id="Terrain3DMeshAsset_272bh"]
generated_type = 1
height_offset = 0.5
material_override = SubResource("StandardMaterial3D_7mycd")
last_lod = 0
last_shadow_lod = 0
lod0_range = 128.0

[sub_resource type="Terrain3DAssets" id="Terrain3DAssets_5vw27"]
mesh_list = Array[Terrain3DMeshAsset]([SubResource("Terrain3DMeshAsset_272bh")])

[sub_resource type="Curve3D" id="Curve3D_cegan"]
_data = {
"points": PackedVector3Array(-1.63243, -0.0255756, -0.705372, 1.63243, 0.0255756, 0.705372, -32.2065, -0.691416, 41.0499, -2.89591, -0.151368, -3.33646, 2.89591, 0.151368, 3.33646, -22.4213, -0.455463, 46.4092, 2.31397, -0.0504456, -2.25934, -2.31397, 0.0504456, 2.25934, -20.6619, -0.133093, 55.7541, 0, 0, 0, 0, 0, 0, -28.3611, -0.0526791, 58.6374),
"tilts": PackedFloat32Array(0, 0, 0, 0)
}
point_count = 4

[sub_resource type="Resource" id="Resource_82xsv"]
script = ExtResource("2_ycdy4")
scene = ExtResource("3_efxa6")
used = true
spawn_chance = 1
up_axis = 1
invert_up_axis = false
forward_axis = 0
invert_forward_axis = false
projection_mode = 0
align_up_with_collision_normal = false
metadata/_custom_type_script = "uid://b0krcp4bagbox"

[sub_resource type="Resource" id="Resource_getpj"]
script = ExtResource("5_w48qg")
elements = Array[ExtResource("2_ycdy4")]([SubResource("Resource_82xsv")])
metadata/_custom_type_script = "uid://cauvdnl4ajs70"

[sub_resource type="Curve3D" id="Curve3D_82xsv"]
_data = {
"points": PackedVector3Array(0.186256, -0.0598707, -1.4615, -0.186256, 0.0598707, 1.4615, -36.7446, -0.477774, 45.755, -1.2204, -0.150187, -3.85216, 1.2204, 0.150187, 3.85216, -34.7218, -0.134653, 54.6138, -1.4293, -0.00259113, -1.28146, 1.4293, 0.00259113, 1.28146, -30.1652, 0, 61.8389, 2.3601, 0, 0.456024, -2.3601, 0, -0.456024, -19.7278, 0, 64.5781),
"tilts": PackedFloat32Array(0, 0, 0, 0)
}
point_count = 4

[node name="Main" type="Node3D"]

[node name="GdSpawn" type="Node3D" parent="."]
script = ExtResource("1_lquwl")
curve_placement_collision_mask = 4294967294
curve_spawn_profile = SubResource("Resource_074og")
curve_spawn_settings = SubResource("Resource_vivmo")
random_spawn_profile = SubResource("Resource_4c57u")
metadata/_custom_type_script = "uid://b121axrbqlcpk"

[node name="Terrain3D" type="Terrain3D" parent="."]
data_directory = "res://resources/terrains"
material = SubResource("Terrain3DMaterial_lquwl")
assets = SubResource("Terrain3DAssets_5vw27")
collision_mode = 2
collision_layer = 2
show_checkered = true
show_grey = true
top_level = true
metadata/_edit_lock_ = true

[node name="ExampleTerrain" parent="." instance=ExtResource("12_dg77c")]
transform = Transform3D(1, 0, 0, 0, 1, 0, 0, 0, 1, -36, 0, 1)

[node name="ExampleTerrain2" parent="." instance=ExtResource("12_dg77c")]
transform = Transform3D(1, 0, 0, 0, 1, 0, 0, 0, 1, -36, 0, 21)

[node name="ExampleTerrain3" parent="." instance=ExtResource("12_dg77c")]
transform = Transform3D(1, 0, 0, 0, 1, 0, 0, 0, 1, -16, 0, 21)

[node name="ExampleTerrain4" parent="." instance=ExtResource("12_dg77c")]
transform = Transform3D(1, 0, 0, 0, 1, 0, 0, 0, 1, -16, 0, 1)

[node name="House" type="Node3D" parent="."]

[node name="Floor1" type="Node3D" parent="House"]
transform = Transform3D(0.999999, 0, 0, 0, 1, 0, 0, 0, 0.999999, 0, 0, 0)

[node name="Ceiling1" type="Node3D" parent="House"]

[node name="OtherBuilding" type="Node3D" parent="."]

[node name="base" type="Node3D" parent="."]
script = ExtResource("2_0xm2m")

[node name="ExteriorWindow3" parent="base" instance=ExtResource("2_lquwl")]
transform = Transform3D(1, 0, 0, 0, 1, 0, 0, 0, 1, -45, 0, 27)

[node name="ExteriorWindow4" parent="base" instance=ExtResource("2_lquwl")]
transform = Transform3D(1, 0, 0, 0, 1, 0, 0, 0, 1, -41, 0, 27)

[node name="ExteriorWindow5" parent="base" instance=ExtResource("2_lquwl")]
transform = Transform3D(1, 0, 0, 0, 1, 0, 0, 0, 1, -49, 0, 27)

[node name="rotated" type="Node3D" parent="base"]
transform = Transform3D(-0.126442, 0, -0.991974, 0, 1, 0, 0.991974, 0, -0.126442, -4.01616, 0, 55.3875)
script = ExtResource("2_0xm2m")

[node name="sec_floor" type="Node3D" parent="base/rotated"]
visible = false
script = ExtResource("2_0xm2m")

[node name="InnerFloor10" parent="base/rotated/sec_floor" instance=ExtResource("4_getpj")]
transform = Transform3D(-0.126442, 0, 0.991974, 0, 1, 0, -0.991974, 0, -0.126442, -19.1164, 4, 50.8084)

[node name="InnerFloor9" parent="base/rotated/sec_floor" instance=ExtResource("4_getpj")]
transform = Transform3D(-0.126442, 0, 0.991974, 0, 1, 0, -0.991974, 0, -0.126442, -21.1004, 4, 51.0613)

[node name="InnerFloor3" parent="base/rotated/sec_floor" instance=ExtResource("4_getpj")]
transform = Transform3D(-0.126442, 0, 0.991974, 0, 1, 0, -0.991974, 0, -0.126442, -21.3534, 4, 49.0777)

[node name="InnerFloor4" parent="base/rotated/sec_floor" instance=ExtResource("4_getpj")]
transform = Transform3D(-0.126442, 0, 0.991974, 0, 1, 0, -0.991974, 0, -0.126442, -21.6063, 4, 47.0938)

[node name="InnerFloor5" parent="base/rotated/sec_floor" instance=ExtResource("4_getpj")]
transform = Transform3D(-0.126442, 0, 0.991974, 0, 1, 0, -0.991974, 0, -0.126442, -21.8592, 4, 45.1098)

[node name="InnerFloor6" parent="base/rotated/sec_floor" instance=ExtResource("4_getpj")]
transform = Transform3D(-0.126442, 0, 0.991974, 0, 1, 0, -0.991974, 0, -0.126442, -22.112, 4, 43.1259)

[node name="InnerFloor7" parent="base/rotated/sec_floor" instance=ExtResource("4_getpj")]
transform = Transform3D(-0.126442, 0, 0.991974, 0, 1, 0, -0.991974, 0, -0.126442, -22.3649, 4, 41.1419)

[node name="InnerFloor8" parent="base/rotated/sec_floor" instance=ExtResource("4_getpj")]
transform = Transform3D(-0.126442, 0, 0.991974, 0, 1, 0, -0.991974, 0, -0.126442, -22.6178, 4, 39.158)

[node name="BoxTest" parent="base/rotated" instance=ExtResource("4_kek77")]
transform = Transform3D(-0.116238, -0.00820713, -0.993188, -0.00233707, 0.999965, -0.00798962, 0.993219, 0.00139245, -0.116253, -40.8918, 0.495142, 25.509)

[node name="BoxTest2" parent="base/rotated" instance=ExtResource("4_kek77")]
transform = Transform3D(0.989099, -0.13877, -0.0492649, 0.137554, 0.990119, -0.0272753, 0.0525631, 0.0202014, 0.998414, -40.4317, 0.599027, 28.5801)

[node name="BoxTest3" parent="base/rotated" instance=ExtResource("5_4c57u")]
transform = Transform3D(-0.812493, 0.578042, 0.0756568, 0.132148, 0.309018, -0.941831, -0.567797, -0.755233, -0.327462, -36.7418, 0.832938, 25.4721)

[node name="BoxTest4" parent="base/rotated" instance=ExtResource("4_kek77")]
transform = Transform3D(-0.073531, 0.146934, -0.98641, -0.0222183, -0.989083, -0.145676, -0.997046, 0.0112047, 0.0759929, -44.8097, 0.586407, 35.3226)

[node name="BoxTest5" parent="base/rotated" instance=ExtResource("5_4c57u")]
transform = Transform3D(-0.406797, 0.654975, 0.636809, -0.68383, 0.243884, -0.687675, -0.605717, -0.715213, 0.34868, -39.3113, 0.740593, 24.7051)

[node name="BoxTest6" parent="base/rotated" instance=ExtResource("5_4c57u")]
transform = Transform3D(-0.935099, -0.197261, 0.294414, -0.257109, -0.194129, -0.946683, 0.243898, -0.960939, 0.130812, -51.0392, 0.693057, 34.7897)

[node name="BoxTest7" parent="base/rotated" instance=ExtResource("4_kek77")]
transform = Transform3D(0.529473, 0.220807, -0.819087, -0.843506, 0.034248, -0.536026, -0.0903064, 0.974716, 0.204386, -37.427, 0.954379, 36.3156)

[node name="BoxTest8" parent="base/rotated" instance=ExtResource("5_4c57u")]
transform = Transform3D(-0.60017, 0.725532, -0.336749, 0.487942, -0.00150437, -0.872875, -0.633805, -0.688188, -0.353114, -39.2192, 0.528958, 38.8784)

[node name="BoxTest9" parent="base/rotated" instance=ExtResource("5_4c57u")]
transform = Transform3D(-0.895068, 0.119679, -0.429572, 0.444075, 0.151415, -0.883103, -0.0406456, -0.981199, -0.188673, -38.4324, 0.910066, 29.2425)

[node name="BoxTest10" parent="base/rotated" instance=ExtResource("5_4c57u")]
transform = Transform3D(0.786749, -0.268896, -0.555627, 0.579475, 0.0115927, 0.814907, -0.212684, -0.9631, 0.164939, -40.6547, 0.510379, 30.5526)

[node name="BoxTest11" parent="base/rotated" instance=ExtResource("4_kek77")]
transform = Transform3D(-0.480559, -0.876962, 0.000769435, 0.109104, -0.0589165, 0.992283, -0.870149, 0.476935, 0.123993, -37.1301, 1.0347, 29.0509)

[node name="BoxTest12" parent="base/rotated" instance=ExtResource("4_kek77")]
transform = Transform3D(-0.868333, -0.48716, -0.0931301, 0.0400774, 0.118238, -0.992176, 0.49436, -0.865272, -0.0831459, -33.5842, 0.701948, 29.5608)

[node name="BoxTest13" parent="base/rotated" instance=ExtResource("4_kek77")]
transform = Transform3D(-0.98566, -0.00942948, 0.168483, -0.0307516, 0.991756, -0.124398, -0.165921, -0.127795, -0.977824, -39.0782, 0.58935, 26.6004)

[node name="BoxTest14" parent="base/rotated" instance=ExtResource("5_4c57u")]
transform = Transform3D(0.826754, -0.518565, 0.218106, -0.473924, -0.850902, -0.226631, 0.303109, 0.0840026, -0.949247, -35.2412, 1.48999, 29.208)

[node name="BoxTest15" parent="base/rotated" instance=ExtResource("5_4c57u")]
transform = Transform3D(-0.122955, 0.917453, 0.378369, 0.91525, 0.252225, -0.314165, -0.383666, 0.307674, -0.870711, -37.4628, 0.935985, 33.2785)

[node name="BoxTest16" parent="base/rotated" instance=ExtResource("5_4c57u")]
transform = Transform3D(0.61219, 0.692035, 0.382507, -0.526429, -0.00424353, 0.850209, 0.589997, -0.721852, 0.361709, -35.7655, 0.669365, 25.9979)

[node name="BoxTest17" parent="base/rotated" instance=ExtResource("4_kek77")]
transform = Transform3D(0.968179, 0.139554, -0.207739, 0.200875, 0.0617479, 0.977669, 0.149265, -0.988288, 0.0317501, -39.4427, 0.735636, 29.3421)

[node name="BoxTest18" parent="base/rotated" instance=ExtResource("5_4c57u")]
transform = Transform3D(0.703596, -0.60059, 0.379796, -0.498703, -0.0366014, 0.866, -0.50621, -0.798719, -0.325269, -30.4646, 0.532894, 31.4431)

[node name="BoxTest19" parent="base/rotated" instance=ExtResource("4_kek77")]
transform = Transform3D(0.358916, -0.00206241, -0.933368, 0.229892, 0.969386, 0.0862602, 0.904616, -0.245534, 0.348402, -31.8867, 0.688074, 32.5211)

[node name="BoxTest20" parent="base/rotated" instance=ExtResource("5_4c57u")]
transform = Transform3D(-0.73767, -0.541083, 0.403823, 0.0530211, -0.642691, -0.764289, 0.673077, -0.542382, 0.502782, -34.1529, 1.46422, 28.785)

[node name="BoxTest21" parent="base/rotated" instance=ExtResource("4_kek77")]
transform = Transform3D(0.896085, 0.0546384, -0.440508, -0.105293, 0.990235, -0.0913642, 0.431215, 0.128253, 0.893088, -32.2823, 0.611984, 25.4402)

[node name="BoxTest22" parent="base/rotated" instance=ExtResource("4_kek77")]
transform = Transform3D(0.00443255, 0.574131, -0.818752, 0.947096, 0.260348, 0.187691, 0.320919, -0.776269, -0.542604, -32.5737, 1.12403, 27.8768)

[node name="ExteriorWindow2" parent="." instance=ExtResource("14_2cqfq")]
transform = Transform3D(0.881958, 0, -0.471328, 0, 1, 0, 0.471328, 0, 0.881958, -59.5229, 0, 11.2627)

[node name="ExteriorWindow3" parent="." instance=ExtResource("14_2cqfq")]
transform = Transform3D(0.139544, 0, -0.990216, 0, 1, 0, 0.990216, 0, 0.139544, -58.3488, 0, 12.9561)

[node name="ExteriorWindow4" parent="." instance=ExtResource("14_2cqfq")]
transform = Transform3D(6.55671e-07, 0, -1, 0, 1, 0, 1, 0, 6.55671e-07, -58.7962, 0, 15.1905)

[node name="ExteriorWindow5" parent="." instance=ExtResource("14_2cqfq")]
transform = Transform3D(-0.605186, 0, -0.796084, 0, 1, 0, 0.796084, 0, -0.605186, -59.8537, 4.76837e-07, 17.6564)

[node name="ExteriorWindow6" parent="." instance=ExtResource("14_2cqfq")]
transform = Transform3D(-0.539631, 0, -0.841901, 0, 1, 0, 0.841901, 0, -0.539631, -62.4937, 4.76837e-07, 17.6095)

[node name="ExteriorWindow7" parent="." instance=ExtResource("14_2cqfq")]
transform = Transform3D(0.796084, 0, 0.605186, 0, 1, 0, -0.605186, 0, 0.796084, -34.8495, 0, 18.2537)

[node name="ExteriorWindow8" parent="." instance=ExtResource("14_2cqfq")]
transform = Transform3D(0.872745, 0, 0.488177, 0, 1, 0, -0.488177, 0, 0.872745, -31.4429, 0, 19.512)

[node name="ExteriorWindow9" parent="." instance=ExtResource("14_2cqfq")]
transform = Transform3D(0.731689, 0, 0.681639, 0, 1, 0, -0.681639, 0, 0.731689, -22.7862, 0, 2.58229)

[node name="BoxTest" parent="." instance=ExtResource("4_kek77")]
transform = Transform3D(-0.101788, 0.993456, -0.0518211, 0.979245, 0.109237, 0.170725, 0.175269, -0.0333678, -0.983955, -39.5362, 0.727536, 5.11765)

[node name="BoxTest2" parent="." instance=ExtResource("4_kek77")]
transform = Transform3D(0.0923509, 0.0269634, -0.995361, -0.992553, 0.0822366, -0.0898626, 0.0794321, 0.996248, 0.0343572, -38.9821, 0.630005, 6.47895)

[node name="BoxTest3" parent="." instance=ExtResource("5_4c57u")]
transform = Transform3D(0.0640316, -0.735751, 0.674219, 0.991443, -0.0301127, -0.12702, 0.113757, 0.676583, 0.727527, -39.0156, 0.528956, 11.172)

[node name="BoxTest4" parent="." instance=ExtResource("5_4c57u")]
transform = Transform3D(-0.0139939, 0.790723, 0.612014, 0.996059, 0.0646366, -0.0607355, -0.0875835, 0.608752, -0.788512, -40.2875, 0.564239, 12.17)

[node name="BoxTest5" parent="." instance=ExtResource("4_kek77")]
transform = Transform3D(0.542818, -0.0387052, 0.838958, -0.084864, -0.996352, 0.00894171, 0.835552, -0.0760511, -0.544123, -20.7315, 0.545743, -0.586992)

[node name="BoxTest6" parent="." instance=ExtResource("4_kek77")]
transform = Transform3D(0.948683, -0.265879, 0.171202, -0.125679, 0.179792, 0.975643, -0.290183, -0.947092, 0.13715, -21.5896, 0.707804, -1.42098)

[node name="BoxTest7" parent="." instance=ExtResource("4_kek77")]
transform = Transform3D(0.112194, -0.952043, -0.284653, -0.993681, -0.108455, -0.0289151, -0.00334366, 0.286098, -0.958195, -25.423, 0.56236, 1.49618)

[node name="BoxTest8" parent="." instance=ExtResource("4_kek77")]
transform = Transform3D(0.837031, 0.37359, -0.399762, 0.313448, -0.926251, -0.209306, -0.448475, 0.0498909, -0.892402, -29.2502, 0.849228, 4.0544)

[node name="BoxTest9" parent="." instance=ExtResource("5_4c57u")]
transform = Transform3D(-0.287842, 0.648591, -0.704611, 0.925711, -7.41458e-05, -0.378232, -0.24537, -0.761137, -0.600387, -31.8315, 0.497549, 4.50268)

[node name="BoxTest10" parent="." instance=ExtResource("5_4c57u")]
transform = Transform3D(-0.221427, -0.974955, 0.0207975, -0.351558, 0.0599149, -0.934247, 0.909603, -0.214179, -0.35602, -31.5487, 0.567376, 2.68612)

[node name="BoxTest11" parent="." instance=ExtResource("5_4c57u")]
transform = Transform3D(-0.984655, 0.0705493, -0.159616, -0.126064, -0.920023, 0.371034, -0.120674, 0.385462, 0.914799, -30.0124, 1.14486, 2.65174)

[node name="BoxTest12" parent="." instance=ExtResource("5_4c57u")]
transform = Transform3D(0.263216, -0.960565, 0.0896224, 0.178613, -0.0427707, -0.982989, 0.948058, 0.274746, 0.160312, -30.0095, 0.575087, -0.83318)

[node name="BoxTest13" parent="." instance=ExtResource("4_kek77")]
transform = Transform3D(-0.618963, 0.372858, 0.691275, 0.300555, 0.925586, -0.230125, -0.725639, 0.0653268, -0.684968, -26.9935, 0.973589, 2.65828)

[node name="BoxTest14" parent="." instance=ExtResource("4_kek77")]
transform = Transform3D(0.215943, 0.769752, 0.600709, -0.975366, 0.198452, 0.0963277, -0.0450633, -0.606712, 0.793643, -24.6105, 0.7132, 0.227467)

[node name="BoxTest15" parent="." instance=ExtResource("4_kek77")]
transform = Transform3D(-0.575854, 0.246119, 0.779626, -0.145038, -0.969238, 0.198848, 0.804584, 0.00143186, 0.593837, -23.7875, 0.90146, 1.42621)

[node name="BoxTest16" parent="." instance=ExtResource("4_kek77")]
transform = Transform3D(0.460357, -0.232712, 0.856689, 0.0942805, 0.972388, 0.213477, -0.882713, -0.0175066, 0.469586, -24.0724, 0.8431, 2.55743)

[node name="BoxTest17" parent="." instance=ExtResource("4_kek77")]
transform = Transform3D(-0.190261, 0.00172528, 0.981732, 0.981708, 0.007493, 0.190244, -0.0070279, 0.99997, -0.00311935, -25.4653, 0.609681, 4.5177)

[node name="BoxTest18" parent="." instance=ExtResource("5_4c57u")]
transform = Transform3D(0.10173, -0.908619, -0.405045, -0.170175, -0.417051, 0.89281, -0.980149, -0.0218969, -0.197051, -25.2547, 0.872218, 3.50868)

[node name="BoxTest19" parent="." instance=ExtResource("4_kek77")]
transform = Transform3D(-0.999666, 0.009177, -0.0241514, 0.0241286, -0.00258608, -0.999706, -0.00923675, -0.999955, 0.00236379, -30.8781, 0.514004, 1.34864)

[node name="BoxTest20" parent="." instance=ExtResource("5_4c57u")]
transform = Transform3D(0.718241, -0.590891, -0.367393, -0.344392, 0.156899, -0.925622, 0.604586, 0.791347, -0.0908069, -26.41, 0.968048, -1.23557)

[node name="BoxTest21" parent="." instance=ExtResource("5_4c57u")]
transform = Transform3D(0.931402, 0.191876, -0.309311, 0.175568, -0.981211, -0.0800068, -0.31885, 0.0202135, -0.94759, -25.0102, 1.14089, -1.46664)

[node name="BoxTest22" parent="." instance=ExtResource("4_kek77")]
transform = Transform3D(0.271173, -0.879876, 0.390234, 0.0416778, -0.394311, -0.918031, 0.961628, 0.26521, -0.0702553, -24.866, 0.722169, -3.54747)

[node name="BoxTest23" parent="." instance=ExtResource("4_kek77")]
transform = Transform3D(0.0682476, 0.172161, 0.982702, -0.0110498, 0.985069, -0.171808, -0.997607, 0.000866766, 0.0691309, -22.7699, 0.831078, 0.0583627)

[node name="BoxTest24" parent="." instance=ExtResource("4_kek77")]
transform = Transform3D(-0.49197, -0.706591, 0.50862, -0.00661321, -0.58116, -0.813762, 0.870587, -0.403711, 0.281241, -25.6116, 1.26183, -0.59666)

[node name="gw43g" type="Node3D" parent="."]
script = ExtResource("15_yaehf")
collision_mask = 4294967294
curve_spawn_profile = SubResource("Resource_074og")
curve_spawn_settings = SubResource("Resource_vivmo")
curve = SubResource("Curve3D_cegan")

[node name="ExteriorWindow9" type="MeshInstance3D" parent="gw43g" instance=ExtResource("2_lquwl")]
transform = Transform3D(-0.917874, -0.0132008, 0.396653, -0.0143805, 0.999897, 4.65661e-10, -0.396612, -0.00570406, -0.917969, -32.2065, -0.691416, 41.0499)
material_override = ExtResource("16_yaehf")
mesh = ExtResource("17_074og")

[node name="ExteriorWindow10" type="MeshInstance3D" parent="gw43g" instance=ExtResource("2_lquwl")]
transform = Transform3D(-0.923899, -0.0154167, 0.382324, -0.0167384, 0.99986, -0.000130842, -0.382269, -0.00652037, -0.924028, -28.4621, -0.633317, 42.4541)
material_override = ExtResource("16_yaehf")
mesh = ExtResource("17_074og")

[node name="ExteriorWindow11" type="MeshInstance3D" parent="gw43g" instance=ExtResource("2_lquwl")]
transform = Transform3D(-0.836049, -0.0227444, 0.548183, -0.0247129, 0.999687, 0.00378723, -0.548098, -0.0103809, -0.83635, -24.9123, -0.551702, 44.2832)
material_override = ExtResource("16_yaehf")
mesh = ExtResource("17_074og")

[node name="ExteriorWindow12" type="MeshInstance3D" parent="gw43g" instance=ExtResource("2_lquwl")]
transform = Transform3D(-0.624799, -0.031762, 0.780139, -0.0341767, 0.999327, 0.0133143, -0.780037, -0.0183438, -0.625464, -21.9647, -0.431063, 46.9566)
material_override = ExtResource("16_yaehf")
mesh = ExtResource("17_074og")

[node name="ExteriorWindow13" type="MeshInstance3D" parent="gw43g" instance=ExtResource("2_lquwl")]
transform = Transform3D(-0.357527, -0.0342829, 0.933273, -0.0336395, 0.99915, 0.0238158, -0.933297, -0.02288, -0.358377, -19.9267, -0.29514, 50.3776)
material_override = ExtResource("16_yaehf")
mesh = ExtResource("17_074og")

[node name="ExteriorWindow14" type="MeshInstance3D" parent="gw43g" instance=ExtResource("2_lquwl")]
transform = Transform3D(0.347179, -0.0341245, 0.937178, -0.0258233, 0.998611, 0.0459277, -0.937443, -0.0401461, 0.345816, -19.6962, -0.170152, 54.2825)
material_override = ExtResource("16_yaehf")
mesh = ExtResource("17_074og")

[node name="ExteriorWindow15" type="MeshInstance3D" parent="gw43g" instance=ExtResource("2_lquwl")]
transform = Transform3D(0.89647, -0.0161644, 0.442809, -0.0113864, 0.998164, 0.0594889, -0.442958, -0.058372, 0.89464, -22.4974, -0.103481, 56.9949)
material_override = ExtResource("16_yaehf")
mesh = ExtResource("17_074og")

[node name="ExteriorWindow16" type="MeshInstance3D" parent="gw43g" instance=ExtResource("2_lquwl")]
transform = Transform3D(0.975519, -0.00632162, 0.219825, -0.00744299, 0.998065, 0.0617318, -0.21979, -0.0618567, 0.973584, -26.2807, -0.0667369, 58.2648)
material_override = ExtResource("16_yaehf")
mesh = ExtResource("17_074og")

[node name="gw43" type="Node3D" parent="."]
script = ExtResource("15_yaehf")
collision_mask = 4294967294
curve_spawn_profile = SubResource("Resource_getpj")
curve_spawn_settings = SubResource("Resource_vivmo")
curve = SubResource("Curve3D_82xsv")

[node name="InnerWallStraight31" type="MeshInstance3D" parent="gw43" instance=ExtResource("3_efxa6")]
transform = Transform3D(0.126315, 0.00513303, 0.991977, -0.0406031, 0.999175, 0, -0.991159, -0.0402774, 0.12642, -36.7446, -0.477774, 45.755)
material_override = ExtResource("16_074og")
mesh = ExtResource("17_cegan")

[node name="InnerWallStraight32" type="MeshInstance3D" parent="gw43" instance=ExtResource("3_efxa6")]
transform = Transform3D(-0.176577, 0.0051326, 0.984274, -0.0380054, 0.999205, -0.0120286, -0.983553, -0.0395317, -0.176242, -36.5931, -0.399604, 47.7411)
material_override = ExtResource("16_074og")
mesh = ExtResource("17_cegan")

[node name="InnerWallStraight33" type="MeshInstance3D" parent="gw43" instance=ExtResource("3_efxa6")]
transform = Transform3D(-0.245565, 0.00510685, 0.969367, -0.0371748, 0.999201, -0.0146814, -0.968667, -0.0396412, -0.245179, -36.1604, -0.324576, 49.6919)
material_override = ExtResource("16_074og")
mesh = ExtResource("17_cegan")

[node name="InnerWallStraight34" type="MeshInstance3D" parent="gw43" instance=ExtResource("3_efxa6")]
transform = Transform3D(-0.277381, 0.00503537, 0.960747, -0.0369411, 0.999191, -0.0159023, -0.960049, -0.039902, -0.276971, -35.6341, -0.250523, 51.6199)
material_override = ExtResource("16_074og")
mesh = ExtResource("17_cegan")

[node name="InnerWallStraight35" type="MeshInstance3D" parent="gw43" instance=ExtResource("3_efxa6")]
transform = Transform3D(-0.295205, 0.00492966, 0.955421, -0.0370063, 0.999177, -0.0165896, -0.954717, -0.040254, -0.29478, -35.0599, -0.176616, 53.5343)
material_override = ExtResource("16_074og")
mesh = ExtResource("17_cegan")

[node name="InnerWallStraight36" type="MeshInstance3D" parent="gw43" instance=ExtResource("3_efxa6")]
transform = Transform3D(-0.343056, 0.00594562, 0.939296, -0.0329916, 0.999287, -0.0183748, -0.938736, -0.0372925, -0.342615, -34.442, -0.104214, 55.4348)
material_override = ExtResource("16_074og")
mesh = ExtResource("17_cegan")

[node name="InnerWallStraight37" type="MeshInstance3D" parent="gw43" instance=ExtResource("3_efxa6")]
transform = Transform3D(-0.446283, 0.00918417, 0.894845, -0.0225277, 0.999515, -0.0214936, -0.894608, -0.029751, -0.44586, -33.6544, -0.048508, 57.2712)
material_override = ExtResource("16_074og")
mesh = ExtResource("17_cegan")

[node name="InnerWallStraight38" type="MeshInstance3D" parent="gw43" instance=ExtResource("3_efxa6")]
transform = Transform3D(-0.557105, 0.013244, 0.830337, -0.0115047, 0.999654, -0.0236636, -0.830363, -0.0227359, -0.556759, -32.6517, -0.0144998, 58.9997)
material_override = ExtResource("16_074og")
mesh = ExtResource("17_cegan")

[node name="InnerWallStraight39" type="MeshInstance3D" parent="gw43" instance=ExtResource("3_efxa6")]
transform = Transform3D(-0.665588, 0.0168177, 0.746129, -0.00227708, 0.999696, -0.0245643, -0.746315, -0.0180487, -0.665348, -31.4274, -0.00137074, 60.5792)
material_override = ExtResource("16_074og")
mesh = ExtResource("17_cegan")

[node name="InnerWallStraight40" type="MeshInstance3D" parent="gw43" instance=ExtResource("3_efxa6")]
transform = Transform3D(-0.841403, 0.0126425, 0.540261, -0.000925567, 0.999691, -0.024835, -0.540408, -0.0213963, -0.841131, -29.9921, 0.000238841, 61.9673)
material_override = ExtResource("16_074og")
mesh = ExtResource("17_cegan")

[node name="InnerWallStraight41" type="MeshInstance3D" parent="gw43" instance=ExtResource("3_efxa6")]
transform = Transform3D(-0.955463, 0.00722465, 0.295024, -0.000154991, 0.999688, -0.0249827, -0.295112, -0.0239157, -0.955163, -28.1406, 0.00102335, 62.7108)
material_override = ExtResource("16_074og")
mesh = ExtResource("17_cegan")

[node name="InnerWallStraight42" type="MeshInstance3D" parent="gw43" instance=ExtResource("3_efxa6")]
transform = Transform3D(-0.969982, 0.00608085, 0.243099, 4.8439e-06, 0.999688, -0.0249867, -0.243175, -0.0242355, -0.96968, -26.2126, 0.00115129, 63.2417)
material_override = ExtResource("16_074og")
mesh = ExtResource("17_cegan")

[node name="InnerWallStraight43" type="MeshInstance3D" parent="gw43" instance=ExtResource("3_efxa6")]
transform = Transform3D(-0.976321, 0.0054933, 0.216257, 9.04543e-05, 0.999688, -0.0249854, -0.216326, -0.0243743, -0.976017, -24.2657, 0.00105001, 63.6991)
material_override = ExtResource("16_074og")
mesh = ExtResource("17_cegan")

[node name="InnerWallStraight44" type="MeshInstance3D" parent="gw43" instance=ExtResource("3_efxa6")]
transform = Transform3D(-0.98029, 0.00508923, 0.197501, 0.000156547, 0.999688, -0.0249831, -0.197566, -0.0244598, -0.979984, -22.3089, 0.000802222, 64.1123)
material_override = ExtResource("16_074og")
mesh = ExtResource("17_cegan")

[node name="InnerWallStraight45" type="MeshInstance3D" parent="gw43" instance=ExtResource("3_efxa6")]
transform = Transform3D(-0.983905, 0.00470656, 0.178632, 0.000246964, 0.999688, -0.0249793, -0.178694, -0.0245331, -0.983599, -20.3448, 0.000411546, 64.4897)
material_override = ExtResource("16_074og")
mesh = ExtResource("17_cegan")
