[gd_scene load_steps=26 format=3 uid="uid://brjmlw33t6bld"]

[ext_resource type="Script" uid="uid://b121axrbqlcpk" path="res://addons/GdSpawn/scripts/custom_nodes/gd_spawn.gd" id="1_lquwl"]
[ext_resource type="PackedScene" uid="uid://d4mj0o6m30s0t" path="res://scenes/suburban_modular/ExteriorWindowLarge.tscn" id="2_lquwl"]
[ext_resource type="Script" uid="uid://b0krcp4bagbox" path="res://addons/GdSpawn/scripts/spawn_profile_resources/curve_spawn_profile_element.gd" id="2_ycdy4"]
[ext_resource type="Script" uid="uid://cauvdnl4ajs70" path="res://addons/GdSpawn/scripts/spawn_profile_resources/curve_spawn_profile.gd" id="5_w48qg"]
[ext_resource type="Script" uid="uid://b011ame8q4oxk" path="res://addons/GdSpawn/scripts/spawn_profile_resources/curve_spawn_settings.gd" id="6_dg77c"]
[ext_resource type="Resource" uid="uid://bels7dm0tqjyi" path="res://resources/libraries/random_spawn_profile/sewer_small_props.tres" id="6_e2hcl"]
[ext_resource type="PackedScene" uid="uid://yxm5loeowgfq" path="res://scenes/sewers/props/TrashPropE.tscn" id="7_82xsv"]
[ext_resource type="PackedScene" uid="uid://8quckwmhw4ne" path="res://scenes/sewers/props/TrashPropF.tscn" id="8_getpj"]
[ext_resource type="PackedScene" uid="uid://dxyokojucxljk" path="res://scenes/sewers/props/TrashPropI.tscn" id="9_ryguw"]
[ext_resource type="PackedScene" uid="uid://dqnqrje1qtmch" path="res://scenes/sewers/Straigth.tscn" id="10_4c57u"]
[ext_resource type="PackedScene" uid="uid://c8etroltrdrs2" path="res://scenes/sewers/props/TrashPropH.tscn" id="10_d13ii"]
[ext_resource type="PackedScene" uid="uid://chetrm4vrgoeo" path="res://scenes/sewers/props/TrashPropG.tscn" id="11_1u8w0"]
[ext_resource type="PackedScene" uid="uid://cwwhw2s4qu43y" path="res://scenes/sewers/props/TrashPropC.tscn" id="12_0odxb"]
[ext_resource type="PackedScene" uid="uid://bfxbqgv2pshym" path="res://scenes/sewers/props/TrashPropD.tscn" id="13_lswn8"]
[ext_resource type="PackedScene" uid="uid://jm2idjhjsve3" path="res://scenes/sewers/props/TrashBagA.tscn" id="14_a6jrf"]
[ext_resource type="PackedScene" uid="uid://dcwa6lj1lrqu6" path="res://scenes/sewers/props/TrashPropB.tscn" id="15_d13ii"]
[ext_resource type="PackedScene" uid="uid://ttpv5ru6hka" path="res://scenes/sewers/props/TrashBoxA.tscn" id="16_1u8w0"]
[ext_resource type="PackedScene" uid="uid://cuwf3l7eg2sha" path="res://scenes/sewers/props/TrashBagB.tscn" id="17_0odxb"]
[ext_resource type="PackedScene" uid="uid://bsoa4i3j8rqvs" path="res://scenes/sewers/props/TrashPropA.tscn" id="17_xuqvo"]
[ext_resource type="PackedScene" uid="uid://bdgdsmxregu2m" path="res://scenes/sewers/props/DebrisA.tscn" id="19_kq58d"]
[ext_resource type="PackedScene" uid="uid://dmuevn6kabuq" path="res://scenes/sewers/props/DebrisB.tscn" id="20_seu75"]
[ext_resource type="PackedScene" uid="uid://d3pfk1pyrgtqa" path="res://scenes/sewers/props/DebrisC.tscn" id="22_lswn8"]

[sub_resource type="Resource" id="Resource_2cqfq"]
script = ExtResource("2_ycdy4")
scene = ExtResource("2_lquwl")
used = true
spawn_chance = 1
up_axis = 1
invert_up_axis = false
forward_axis = 0
invert_forward_axis = false
projection_mode = 0
align_up_with_collision_normal = false
metadata/_custom_type_script = "uid://b0krcp4bagbox"

[sub_resource type="Resource" id="Resource_074og"]
script = ExtResource("5_w48qg")
elements = Array[ExtResource("2_ycdy4")]([SubResource("Resource_2cqfq")])
metadata/_custom_type_script = "uid://cauvdnl4ajs70"

[sub_resource type="Resource" id="Resource_vivmo"]
script = ExtResource("6_dg77c")
avoid_overlaps = true
padding = 0.0
metadata/_custom_type_script = "uid://b011ame8q4oxk"

[node name="Main" type="Node3D"]
transform = Transform3D(1.001, 0, 0, 0, 1.001, 0, 0, 0, 1.001, 0, 0, 0)

[node name="GdSpawn" type="Node3D" parent="."]
script = ExtResource("1_lquwl")
curve_placement_collision_mask = 4294967294
curve_spawn_profile = SubResource("Resource_074og")
curve_spawn_settings = SubResource("Resource_vivmo")
random_spawn_profile = ExtResource("6_e2hcl")
metadata/_custom_type_script = "uid://b121axrbqlcpk"

[node name="Straigth3" parent="." instance=ExtResource("10_4c57u")]
transform = Transform3D(0.999002, 0, 0, 0, 0.999002, 0, 0, 0, 0.999002, -35.9641, 0, 71.9281)

[node name="Straigth4" parent="." instance=ExtResource("10_4c57u")]
transform = Transform3D(0.999002, 0, 0, 0, 0.999002, 0, 0, 0, 0.999002, -35.9641, 0, 83.9161)

[node name="TrashPropA" parent="." instance=ExtResource("10_d13ii")]
transform = Transform3D(-0.860762, 0.0673351, 0.502553, -0.503703, -7.02452e-05, -0.862721, -0.0581141, -0.99673, 0.0340113, -34.8259, -0.24406, 71.0553)

[node name="TrashPropA2" parent="." instance=ExtResource("7_82xsv")]
transform = Transform3D(0.811809, -0.450099, 0.369299, 0.537538, 0.822867, -0.178736, -0.223659, 0.343955, 0.910865, -34.6463, -0.0272591, 72.0004)

[node name="TrashPropA3" parent="." instance=ExtResource("13_lswn8")]
transform = Transform3D(0.892624, 0.000364457, -0.448583, -0.000374377, 0.999002, 6.66893e-05, 0.448583, 0.000108519, 0.892624, -33.1845, 0.0229599, 76.5147)

[node name="TrashPropA4" parent="." instance=ExtResource("9_ryguw")]
transform = Transform3D(0.380599, 0.894607, -0.229842, -0.88869, 0.422426, 0.172599, 0.251751, 0.138706, 0.956758, -34.4944, -0.190443, 77.9151)

[node name="TrashPropA5" parent="." instance=ExtResource("7_82xsv")]
transform = Transform3D(0.98513, -0.00982352, 0.165611, -0.0128337, -0.998773, 0.0170967, 0.165405, -0.0189868, -0.98503, -34.8815, -0.225108, 78.9522)

[node name="TrashPropA6" parent="." instance=ExtResource("10_d13ii")]
transform = Transform3D(-0.860343, 0.0719068, -0.502637, -0.503914, 0.000497454, 0.862598, 0.0623389, 0.99641, 0.0358426, -34.9762, -0.244496, 81.3442)

[node name="TrashPropA7" parent="." instance=ExtResource("10_d13ii")]
transform = Transform3D(-0.392269, -0.889532, -0.229917, 0.499802, 0.00316657, -0.864981, 0.770926, -0.454672, 0.443791, -33.2448, 0.0374558, 84.619)

[node name="TrashPropA8" parent="." instance=ExtResource("9_ryguw")]
transform = Transform3D(0.583492, 0.549239, -0.596555, -0.772659, 0.15358, -0.614341, -0.246046, 0.820216, 0.514501, -32.3751, 0.035143, 88.0827)

[node name="TrashPropA9" parent="." instance=ExtResource("11_1u8w0")]
transform = Transform3D(-0.283011, 0.00327766, -0.95807, -0.0013958, 0.998993, 0.00382998, 0.958075, 0.00242362, -0.283005, -35.6638, -0.237284, 77.4928)

[node name="TrashPropA10" parent="." instance=ExtResource("8_getpj")]
transform = Transform3D(-0.996938, 3.41516e-05, -0.0641732, 3.71232e-05, 0.999002, -4.50655e-05, 0.0641732, -4.73571e-05, -0.996938, -33.0034, 0.0456218, 92.0621)

[node name="TrashPropA11" parent="." instance=ExtResource("9_ryguw")]
transform = Transform3D(0.00436825, 0.920991, 0.38699, -0.992054, -0.0415298, 0.110034, 0.117529, -0.38478, 0.914405, -37.352, -0.212168, 93.3799)

[node name="TrashPropA12" parent="." instance=ExtResource("13_lswn8")]
transform = Transform3D(-0.125948, -0.0319266, 0.990516, 0.00178868, 0.998474, 0.0324106, -0.991029, 0.00585962, -0.125825, -39.9538, 0.399805, 81.1462)

[node name="TrashPropA13" parent="." instance=ExtResource("9_ryguw")]
transform = Transform3D(0.982825, 0.175635, 0.0348042, 0.00516824, 0.16628, -0.985053, -0.178975, 0.969282, 0.162679, -38.1668, 0.0360635, 78.8542)

[node name="TrashPropA14" parent="." instance=ExtResource("7_82xsv")]
transform = Transform3D(0.820521, -0.0648616, -0.566165, -0.0530684, -0.996894, 0.0372973, -0.567391, -0.000558342, -0.822235, -38.3995, 0.0555375, 77.1136)

[node name="TrashPropA15" parent="." instance=ExtResource("11_1u8w0")]
transform = Transform3D(0.553984, 0.350176, -0.753978, -0.20738, 0.935618, 0.282164, 0.805046, 4.57336e-05, 0.591528, -38.1193, 0.0422838, 75.5408)

[node name="TrashPropA16" parent="." instance=ExtResource("11_1u8w0")]
transform = Transform3D(0.327554, 0.927079, 0.176741, -0.937538, 0.341106, -0.0517012, -0.108327, -0.148915, 0.981883, -37.4823, -0.127482, 74.8415)

[node name="TrashPropA17" parent="." instance=ExtResource("9_ryguw")]
transform = Transform3D(-0.0551957, 0.919859, -0.385767, 0.960925, 0.152665, 0.226539, 0.267545, -0.358547, -0.893234, -38.4355, 0.0352642, 74.1641)

[node name="TrashPropA18" parent="." instance=ExtResource("13_lswn8")]
transform = Transform3D(0.651662, 0.306952, -0.692186, -0.209133, 0.950674, 0.22469, 0.727739, -0.0016649, 0.684395, -37.9594, -0.0386627, 73.6)

[node name="TrashPropA19" parent="." instance=ExtResource("8_getpj")]
transform = Transform3D(-0.876326, 0.00439701, -0.479623, 0.00500666, 0.998989, 1.06384e-05, 0.479617, -0.00239438, -0.876337, -38.51, 0.0464919, 73.5863)

[node name="TrashPropA20" parent="." instance=ExtResource("9_ryguw")]
transform = Transform3D(0.0536452, 0.995271, 0.0675503, -0.978395, 0.0392974, 0.197996, 0.194599, -0.0767891, 0.976851, -37.2712, -0.232528, 72.7114)

[node name="TrashPropA21" parent="." instance=ExtResource("7_82xsv")]
transform = Transform3D(0.419703, 0.289984, 0.858931, -0.128543, 0.955987, -0.259941, -0.897402, -0.00131285, 0.438945, -37.6558, -0.0766036, 71.3381)

[node name="TrashPropA22" parent="." instance=ExtResource("12_0odxb")]
transform = Transform3D(-0.10716, -0.686013, -0.718267, 0.054979, -0.725424, 0.684647, -0.991715, 0.0339111, 0.115568, -37.1395, -0.242736, 73.6411)

[node name="TrashPropA23" parent="." instance=ExtResource("11_1u8w0")]
transform = Transform3D(0.0316855, 0.932054, 0.358157, -0.375743, 0.343127, -0.859701, -0.925104, -0.107442, 0.361446, -39.7849, 0.110103, 76.7112)

[node name="TrashPropA24" parent="." instance=ExtResource("13_lswn8")]
transform = Transform3D(0.255899, 0.110463, 0.959332, 0.391495, -0.919094, 0.00139914, 0.882752, 0.375591, -0.27872, -38.2477, 0.05509, 75.7946)

[node name="TrashPropA25" parent="." instance=ExtResource("8_getpj")]
transform = Transform3D(-0.290448, 0.955832, 0.00533186, 0.00358326, 0.00666135, -0.998973, -0.955841, -0.290421, -0.00536513, -35.3802, -0.220806, 74.6571)

[node name="TrashPropA26" parent="." instance=ExtResource("10_d13ii")]
transform = Transform3D(-0.00744702, -0.561334, 0.826349, 0.99896, 0.000216084, 0.00914937, -0.00531973, 0.826382, 0.561309, -36.3893, -0.244426, 78.7684)

[node name="TrashPropA27" parent="." instance=ExtResource("8_getpj")]
transform = Transform3D(-0.636655, -0.769831, -0.00590303, 0.00251691, 0.00557866, -0.998983, 0.76985, -0.636658, -0.0016157, -39.2873, 0.0613792, 77.6331)

[node name="TrashPropA28" parent="." instance=ExtResource("8_getpj")]
transform = Transform3D(-0.636442, 0.0638064, -0.767381, 0.00856307, 0.996091, 0.0757212, 0.769982, 0.0416626, -0.635135, -39.255, 0.0386718, 79.8085)

[node name="TrashPropA29" parent="." instance=ExtResource("11_1u8w0")]
transform = Transform3D(-0.947603, 0.00952511, -0.316167, 0.0100412, 0.998951, 9.82652e-08, 0.316151, -0.00317778, -0.947651, -39.6871, 0.0443707, 79.9038)

[node name="TrashPropA30" parent="." instance=ExtResource("10_d13ii")]
transform = Transform3D(0.00419591, 0.176648, -0.983251, 0.998992, 0.000341155, 0.00432438, 0.00110043, -0.98326, -0.176645, -39.0918, 0.037277, 82.4087)

[node name="TrashPropA31" parent="." instance=ExtResource("7_82xsv")]
transform = Transform3D(0.913676, -0.0334236, 0.402596, -0.0599827, -0.995765, 0.0534598, 0.399503, -0.0730667, -0.912723, -39.5955, 0.0549799, 86.6605)

[node name="TrashPropA32" parent="." instance=ExtResource("7_82xsv")]
transform = Transform3D(0.000675871, 0.584307, -0.810302, 0.999001, -0.000219894, 0.000674699, 0.000216267, -0.810302, -0.584306, -38.4312, 0.150909, 88.532)

[node name="TrashPropA33" parent="." instance=ExtResource("9_ryguw")]
transform = Transform3D(-0.597613, -0.478653, 0.641681, -0.776865, 0.153455, -0.609046, 0.193245, -0.863335, -0.464018, -39.5491, 0.0352497, 91.0097)

[node name="TrashPropA34" parent="." instance=ExtResource("10_d13ii")]
transform = Transform3D(0.812403, -0.343393, -0.469135, -0.49957, 1.82848e-05, -0.865121, 0.297382, 0.938129, -0.171705, -39.4818, 0.0371223, 93.0066)

[node name="TrashPropA35" parent="." instance=ExtResource("13_lswn8")]
transform = Transform3D(0.933294, 0.338443, -0.111457, -0.341287, 0.938872, -0.00687848, 0.102418, 0.044503, 0.992741, -33.3694, 0.0508617, 81.5844)

[node name="TrashPropA36" parent="." instance=ExtResource("9_ryguw")]
transform = Transform3D(0.730797, -0.673638, -0.100759, 0.00761571, 0.155853, -0.98674, 0.681089, 0.721059, 0.119146, -33.5879, 0.0354071, 77.8536)

[node name="TrashPropA37" parent="." instance=ExtResource("7_82xsv")]
transform = Transform3D(-0.949159, 0.000474542, -0.311611, 0.00120457, 0.998999, -0.00214774, 0.311609, -0.00241631, -0.949157, -34.8568, -0.200958, 74.6853)

[node name="TrashPropA38" parent="." instance=ExtResource("10_d13ii")]
transform = Transform3D(-0.00346833, 0.844929, 0.532997, -0.998968, 0.0010084, -0.00809907, -0.007388, -0.533008, 0.844898, -34.8868, -0.244335, 73.4822)

[node name="TrashPropA39" parent="." instance=ExtResource("8_getpj")]
transform = Transform3D(-0.857199, -0.403895, 0.31636, -0.270708, -0.167207, -0.946976, 0.435811, -0.898284, 0.0340263, -34.2799, -0.0955855, 73.9604)

[node name="TrashPropA40" parent="." instance=ExtResource("8_getpj")]
transform = Transform3D(0.0553815, -0.278777, -0.957716, 0.0180756, 0.959314, -0.278197, 0.997302, -0.00190624, 0.0582254, -34.5662, -0.200288, 72.2155)

[node name="TrashPropA41" parent="." instance=ExtResource("13_lswn8")]
transform = Transform3D(-0.389607, -0.164666, 0.905039, 0.388677, -0.920291, -0.000120438, 0.833751, 0.352072, 0.422976, -35.1269, -0.227092, 72.2212)

[node name="TrashPropA42" parent="." instance=ExtResource("12_0odxb")]
transform = Transform3D(-0.540749, -0.035668, 0.839239, 0.000191919, 0.998095, 0.0425431, -0.839997, 0.0231894, -0.540251, -33.6094, 0.0345571, 73.4239)

[node name="TrashPropA43" parent="." instance=ExtResource("13_lswn8")]
transform = Transform3D(0.503882, -0.00720203, 0.862586, 2.47624e-05, 0.998967, 0.00832625, -0.862617, -0.00417826, 0.503864, -33.4168, 0.0222769, 73.2143)

[node name="TrashPropA44" parent="." instance=ExtResource("15_d13ii")]
transform = Transform3D(-0.801814, 0.224323, 0.552067, -0.172335, -0.973258, 0.145169, 0.570438, 0.0212792, 0.819849, -34.4977, -0.0723861, 72.0975)

[node name="TrashBoxA" parent="." instance=ExtResource("16_1u8w0")]
transform = Transform3D(0.315342, -0.00985229, 0.947875, 1.20214e-05, -0.998948, -0.0103871, 0.947926, 0.00329019, -0.315325, -33.0568, 0.200403, 74.4497)

[node name="TrashBagA" parent="." instance=ExtResource("17_0odxb")]
transform = Transform3D(-0.900642, 0.00212588, -0.432255, -0.126054, 0.954277, 0.267339, 0.413472, 0.295559, -0.860052, -32.6319, 0.189897, 75.1495)

[node name="TrashBoxA2" parent="." instance=ExtResource("16_1u8w0")]
transform = Transform3D(0.757117, -0.00309668, 0.651743, -0.000512529, 0.998987, 0.00534197, -0.65175, -0.00438291, 0.757104, -33.5747, 0.219293, 76.8276)

[node name="TrashPropA45" parent="." instance=ExtResource("15_d13ii")]
transform = Transform3D(-0.851626, 0.217005, -0.475022, -0.180098, -0.974966, -0.122512, -0.490206, -0.0188026, 0.870258, -34.5354, -0.0739241, 76.1618)

[node name="TrashPropA46" parent="." instance=ExtResource("17_xuqvo")]
transform = Transform3D(-0.776432, 0.346962, -0.52419, -0.345287, -0.931519, -0.105134, -0.525295, 0.0994663, 0.843905, -32.6473, 0.379792, 79.0605)

[node name="TrashPropA47" parent="." instance=ExtResource("17_xuqvo")]
transform = Transform3D(-0.486278, -0.412754, 0.768878, -0.221009, 0.909747, 0.348598, -0.844212, -0.000413525, -0.534145, -32.2434, 0.509414, 80.0584)

[node name="TrashBagA2" parent="." instance=ExtResource("14_a6jrf")]
transform = Transform3D(0.471849, -0.000253136, 0.880547, -0.000338401, 0.999001, 0.000468524, -0.880547, -0.00051957, 0.471849, -33.4506, 0.140851, 82.1259)

[node name="TrashBagA3" parent="." instance=ExtResource("14_a6jrf")]
transform = Transform3D(-0.0980211, 0.307256, 0.94551, -0.693563, -0.701844, 0.156172, 0.712297, -0.641103, 0.282179, -35.6711, -0.0380438, 82.2186)

[node name="TrashPropA48" parent="." instance=ExtResource("15_d13ii")]
transform = Transform3D(0.803631, 0.563475, 0.186217, 0.586386, -0.705743, -0.395074, -0.0912839, 0.427115, -0.898468, -32.4058, 0.384894, 83.1046)

[node name="TrashPropA49" parent="." instance=ExtResource("15_d13ii")]
transform = Transform3D(0.794691, -0.000588992, 0.605368, -0.000841028, -0.999001, 0.000132074, 0.605368, -0.000614703, -0.794691, -33.0077, 0.122184, 81.3974)

[node name="TrashPropA50" parent="." instance=ExtResource("17_xuqvo")]
transform = Transform3D(0.944481, 0.250985, -0.207285, 0.256568, -0.965493, -5.48399e-06, -0.200334, -0.0532307, -0.97726, -32.8766, 0.267637, 84.4417)

[node name="TrashBagA4" parent="." instance=ExtResource("14_a6jrf")]
transform = Transform3D(-0.322818, 0.277948, -0.903625, -0.903581, -0.371579, 0.208508, -0.278091, 0.884691, 0.371472, -34.8909, -0.0361536, 76.9123)

[node name="TrashPropA51" parent="." instance=ExtResource("17_xuqvo")]
transform = Transform3D(-0.79401, -0.00576449, -0.606234, -3.19674e-05, -0.998956, 0.00954063, -0.606261, 0.00760232, 0.793973, -35.7533, -0.219222, 75.1768)

[node name="TrashBagA5" parent="." instance=ExtResource("14_a6jrf")]
transform = Transform3D(-0.687734, -0.158546, 0.707028, -0.0995552, 0.986224, 0.124315, -0.717715, 0.0151222, -0.694738, -34.661, -0.110225, 88.2224)

[node name="TrashPropA52" parent="." instance=ExtResource("17_xuqvo")]
transform = Transform3D(0.194312, 0.264544, 0.943538, 0.0494673, -0.963331, 0.259906, 0.978673, -0.00383237, -0.200473, -32.535, 0.505107, 85.5013)

[node name="TrashBagA6" parent="." instance=ExtResource("14_a6jrf")]
transform = Transform3D(0.696219, -1.62783e-05, -0.716438, -5.52289e-05, 0.999002, -7.63687e-05, 0.716438, 9.283e-05, 0.696219, -35.0021, -0.139901, 89.7249)

[node name="TrashBoxA3" parent="." instance=ExtResource("16_1u8w0")]
transform = Transform3D(-0.609152, 0.00601003, 0.791771, 0.00211317, 0.998982, -0.0059571, -0.791791, -0.00195759, -0.609153, -38.8036, 0.215877, 85.1951)

[node name="TrashPropA53" parent="." instance=ExtResource("17_xuqvo")]
transform = Transform3D(0.640018, -0.333654, -0.690692, -0.226879, -0.941636, 0.244645, -0.732739, 0.000126838, -0.679042, -39.3442, 0.433539, 82.7224)

[node name="TrashPropA54" parent="." instance=ExtResource("15_d13ii")]
transform = Transform3D(0.836686, 0.0203154, -0.54548, -0.0201172, 0.998779, 0.0063408, 0.545487, 0.00567395, 0.836909, -38.2971, 0.127542, 80.2966)

[node name="TrashPropA55" parent="." instance=ExtResource("15_d13ii")]
transform = Transform3D(0.504195, -0.00143188, -0.862432, -0.00223632, -0.998999, 0.000351226, -0.862431, 0.00175334, -0.504197, -38.5212, 0.121476, 79.2386)

[node name="TrashBoxA4" parent="." instance=ExtResource("16_1u8w0")]
transform = Transform3D(-0.0241703, 0.00801772, 0.998677, -0.00097315, 0.998969, -0.00804361, -0.998709, -0.00116744, -0.0241617, -38.5368, 0.212783, 75.7387)

[node name="TrashPropA56" parent="." instance=ExtResource("17_xuqvo")]
transform = Transform3D(-0.25131, -0.0834241, -0.963269, -0.524438, -0.824387, 0.208218, -0.812288, 0.55806, 0.163589, -37.3843, 0.341743, 75.0977)

[node name="TrashPropA57" parent="." instance=ExtResource("17_xuqvo")]
transform = Transform3D(0.0771121, -0.300703, -0.949545, -0.0238676, -0.952671, 0.299755, -0.995735, -0.000451799, -0.0807201, -38.066, 0.0603881, 77.5372)

[node name="TrashBoxA5" parent="." instance=ExtResource("16_1u8w0")]
transform = Transform3D(-0.102874, 0.698617, -0.706651, 0.916741, 0.340843, 0.203509, 0.383414, -0.627507, -0.67619, -37.3857, 0.185392, 75.8213)

[node name="Debris2" parent="." instance=ExtResource("19_kq58d")]
transform = Transform3D(0.846409, 0, -0.530656, 0, 0.999002, 0, 0.530656, 0, 0.846409, -33.1558, 0, 73.5228)

[node name="Debris" parent="." instance=ExtResource("20_seu75")]
transform = Transform3D(0.920141, 0, 0.38903, 0, 0.999002, 0, -0.38903, 0, 0.920141, -39.7536, 0, 81.5482)

[node name="Debris3" parent="." instance=ExtResource("22_lswn8")]
transform = Transform3D(0.999002, 0, 0, 0, 0.999002, 0, 0, 0, 0.999002, -32.3979, 0, 88.1951)
